51 41 31 91 81 31 41 51 
11 11 11 0 11 11 11 11 
0 0 0 0 0 0 0 0 
0 0 0 11 0 0 0 0 
0 0 0 0 12 0 0 0 
0 0 0 0 0 0 0 0 
12 12 12 12 0 12 12 12 
52 42 32 92 82 32 42 52 
e 4 d 5 12 11
d 8 d 5 91 12
b 1 c 3 42 0
d 5 d 8 91 0
d 2 d 4 12 0
g 8 f 6 41 0
g 1 f 3 42 0
c 7 c 6 11 0
f 1 c 4 32 0
c 8 f 5 31 0
f 3 e 5 42 0
e 7 e 6 11 0
g 2 g 4 12 0
f 5 g 6 31 0
h 2 h 4 12 0
f 8 b 4 31 0
f 2 f 3 12 0
f 6 d 5 41 0
c 1 d 2 32 0
b 4 c 3 31 42
b 2 c 3 12 31
b 7 b 5 11 0
c 4 d 5 32 41
d 8 d 5 91 32
h 4 h 5 12 0
f 7 f 6 11 0
h 5 g 6 12 31
f 6 e 5 11 42
h 1 h 7 52 11
h 8 g 8 51 0
h 7 h 5 52 0
